% GZT
oup1 = [15619781, 15786846, 15954792, 16123661, 16293468, 16464241, 16635930, 16808542, 16982030, 17156416, 17331714, 17507916, 17684972, 17862904, 18041666, 18221322, 18401890, 18583424, 18765846, 18949166, 19133336, 19318388, 19504308, 19691118, 19878778, 20067264, 20256568, 20446728, 20637790, 20829772, 21022628, 21216356, 21410944, 21606396, 21802320, 21999090, 22196664, 22395038, 22594202, 22794216, 22995058, 23196762, 23399284, 23602682, 23806904, 24011980, 24217874, 24424404, 24631318, 24839042, 25047544, 25256816, 25466896, 25677810, 25889552, 26102106, 26315436, 26529572, 26743854, 26958820, 27174584, 27391132, 27608440, 27826534, 28045394, 28265048, 28485492, 28705740, 28926724, 29148484, 29371064, 29594478, 29818700, 30043692, 30269208, 30494476, 30720486, 30947280, 31174850, 31403244, 31632392, 31862140, 32091468, 32321608, 32552552, 32784268, 33016736, 33249956, 33482888, 33716052, 33950004, 34184748, 34420248, 34656556, 34892592, 35128744, 35365744, 35603536, 35842048, 36081328,...
36319552, 36558472, 36798184, 37038728, 37280040, 37520876, 37761712, 38003440, 38245988, 38489344, 38732320, 38974920, 39218348, 39462660, 39707788, 39952172, 40196444, 40441576, 40687612, 40934584, 41179848, 41425880, 41672760, 41920476, 42167732, 42414412, 42661940, 42910392, 43159336, 43406524, 43654720, 43903900, 44154048, 44402144, 44650912, 44900644, 45151336, 45400024, 45649308, 45899584, 46150804, 46399744, 46649468, 46900300, 47151912, 47401128, 47651360, 47902632, 48153596, 48403164, 48653788, 48905540, 49155512, 49405376, 49656456, 49908120, 50157384, 50407816, 50659396, 50909208, 51158736, 51409544, 51660416, 51909120, 52159072, 52410256, 52658436, 52907596, 53158176, 53406868, 53655156, 53904800, 54153544, 54400892, 54649676, 54898332, 55144700, 55392536, 55640820, 55886300, 56133424, 56381128, 56625704, 56871812, 57118524, 57362112, 57607388, 57852924, 58095548, 58339868, 58583868, 58825652, 59069264, 59311620, 59552512, 59795232, 60035432, 60275468, 60517460, 60755380,...
60994572, 61234568, 61470992, 61709512, 61946824, 62182624, 62420456, 62654572, 62889572, 63125408, 63357600, 63592036, 63824280, 64055780, 64289360, 64518056, 64749188, 64978848, 65207028, 65437672, 65662868, 65890668, 66116844, 66341752, 66568632, 66790524, 67015136, 67237024, 67458856, 67681272, 67900104, 68121784, 68338576, 68557384, 68774424, 68990392, 69207448, 69420400, 69636520, 69847352, 70060736, 70271344, 70481832, 70691872, 70899440, 71109032, 71313872, 71522200, 71724800, 71930200, 72131880, 72334584, 72535424, 72735472, 72935088, 73132312, 73330640, 73525232, 73722336, 73914304, 74109832, 74299032, 74492328, 74679568, 74870456, 75055952, 75244280, 75427768, 75613680, 75795152, 75978728, 76158112, 76339240, 76516280, 76695016, 76869712, 77046296, 77218552, 77392960, 77562440, 77734632, 77901488, 78071696, 78235736, 78403888, 78564840, 78729992, 78888928, 79051032, 79208168, 79366968, 79522192, 79677608, 79831120, 79983168, 80135112, 80283472, 80433752, 80578400, 80726744,...
80868184, 81012784, 81152792, 81293336, 81432056, 81568608, 81706264, 81838728, 81974424, 82103296, 82234600, 82362552, 82489576, 82616728, 82739272, 82864752, 82983536, 83104488, 83222720, 83338992, 83456688, 83568024, 83682104, 83791728, 83901032, 84010456, 84114720, 84221464, 84323120, 84424768, 84526672, 84623200, 84722016, 84816256, 84909616, 85004256, 85092320, 85182608, 85270184, 85354840, 85441592, 85522208, 85603520, 85685088, 85760512, 85837840, 85912600, 85984120, 86057504, 86126000, 86193432, 86262552, 86324768, 86387952, 86452024, 86509240, 86567856, 86625984, 86678392, 86732280, 86784952, 86832680, 86881728, 86929088, 86971840, 87015872, 87058400, 87096144, 87134944, 87172560, 87204784, 87238104, 87271408, 87298392, 87326200, 87354880, 87376544, 87398784, 87421936, 87439968, 87456384, 87473360, 87487728, 87498176, 87509320, 87520656, 87525056, 87529936, 87535424, 87536848, 87535752, 87535056, 87533992, 87526408, 87519184, 87512304, 87502208, 87488608, 87475144, 87461872,...
87443216, 87423336, 87403648, 87383976, 87357368, 87330776, 87304176, 87276864, 87243608, 87210256, 87176864, 87142632, 87102520, 87062304, 87021928, 86981392, 86934432, 86887024, 86839352, 86791408, 86738824, 86684160, 86629112, 86573728, 86516264, 86454416, 86392216, 86329504, 86266264, 86198376, 86128392, 86057896, 85986936, 85915392, 85838200, 85760160, 85681632, 85602520, 85522832, 85437368, 85351016, 85263896, 85176064, 85087552, 84994728, 84899952, 84804480, 84708256, 84611296, 84512472, 84409432, 84305408, 84200456, 84094528, 83987744, 83878328, 83765584, 83652024, 83537592, 83422312, 83306184, 83188432, 83066432, 82943416, 82819280, 82694064, 82567848, 82440632, 82310968, 82178296, 82044664, 81910064, 81774464, 81637808, 81500080, 81361088, 81217816, 81073400, 80927888, 80781320, 80633680, 80485024, 80335352, 80184648, 80030768, 79875120, 79718296, 79560240, 79400928, 79240472, 79078840, 78916128, 78752384, 78587048, 78418800, 78249496, 78079088, 77907520, 77734784, 77560736,...
77385520, 77209096, 77031568, 76852952, 76673232, 76491632, 76307984, 76123208, 75937344, 75750360, 75562152, 75372784, 75182224, 74990544, 74797824, 74603992, 74409096, 74213056, 74015920, 73817696, 73618344, 73417888, 73215960, 73012248, 72807464, 72601648, 72394840, 72187064, 71978288, 71768488, 71557632, 71345760, 71132888, 70918952, 70703960, 70487928, 70270864, 70052896, 69834072, 69614368, 69393672, 69171968, 68949304, 68725720, 68501216];

% FFT*FFT
